83,5
83,4
87,4
87,3
87,2
87,1
87,0
86,5
86,4
86,3
86,2
86,1
86,0
85,4
85,3
85,2
85,1
85,0
84,3
84,2
84,1
84,0
83,3
83,2
83,1
83,0
82,5
82,4
82,3
82,2
82,1
82,0
81,4
81,3
81,2
81,1
81,0
80,3
80,2
80,1
80,0
79,3
79,2
79,1
79,0
78,4
78,3
78,2
78,1
78,0
77,3
77,2
77,1
77,0
0,278
10,290
10,170
10,172
10,22
10,34
10,30
10,100
10,96
11,4
11,8
11,6
11,12
11,18
11,14
11,26
9,6
9,4
8,14
8,11
8,16
8,8
73,4
73,3
73,2
73,1
73,0
69,5
69,4
69,3
69,2
69,1
69,0
68,5
68,4
68,3
68,2
68,1
68,0
67,4
67,3
67,2
67,1
67,0
66,3
66,2
66,1
66,0
64,2
64,0
63,3
63,2
63,1
63,0
20,3
20,2
20,1
19,3
19,2
19,1
18,3
18,1
14,3
14,1
13,3
13,1
12,3
12,2
12,1
11,19
11,15
11,13
